593
715
391
587
752
781
750
817
736
477
659
318
608
645
801
573
746
136
23
210
39
729
144
653
417
649
622
58
218
70
786
758
92
824
285
331
765
436
717
375
795
173
200
528
395
470
443
828
142
493
804
234
554
501
833
105
8
825
634
708
543
585
366
586
484
385
350
776
240
73
43
499
292
313
164
530
20
283
525
207
430
282
562
689
716
464
52
785
402
718
644
531
482
64
706
542
304
168
298
467
476
107
797
230
213
287
280
47
618
674
340
69
720
353
841
567
485
261
241
579
49
652
722
46
606
127
502
57
124
425
710
156
508
668
448
517
744
437
115
687
452
626
86
133
529
199
445
389
454
737
831
764
415
701
670
206
134
486
373
450
798
348
1
426
151
354
503
193
846
500
520
413
339
571
639
596
243
141
195
259
429
222
616
53
613
82
747
274
211
233
818
365
325
588
387
770
548
839
423
204
297
723
763
362
277
656
726
172
629
335
232
742
462
780
578
734
661
461
347
703
666
836
51
768
332
66
379
427
435
580
360
691
602
558
834
155
495
76
794
534
615
91
95
671
767
279
421
455
370
317
150
658
178
665
487
698
62
384
536
412
67
42
469
560
688
814
771
263
147
268
109
12
401
519
559
604
316
823
509
148
465
440
198
355
194
182
496
787
3
479
637
806
157
278
61
842
845
769
821
102
533
672
216
623
396
434
345
457
799
565
205
420
103
442
591
368
236
369
300
576
289
497
26
153
807
707
249
610
130
74
566
382
10
343
779
507
642
451
678
488
323
730
714
403
71
214
432
288
755
538
505
511
741
575
223
397
315
809
468
351
257
832
539
104
7
523
255
522
545
237
702
265
29
19
466
731
128
101
220
114
740
631
802
838
371
181
424
743
308
305
473
187
684
239
264
83
75
196
667
675
342
774
577
570
590
307
679
21
262
309
286
132
258
727
106
704
85
635
638
676
190
386
549
705
31
94
55
725
647
651
471
311
99
96
541
692
760
735
664
131
229
550
260
378
848
89
191
254
383
33
422
165
643
815
336
556
45
655
291
17
564
641
561
686
68
380
822
30
449
224
59
489
677
235
498
41
245
460
314
310
78
338
6
515
480
154
126
36
574
792
650
60
572
399
137
527
295
478
359
810
409
119
761
772
592
400
829
490
766
344
37
296
392
166
617
589
547
22
77
632
712
27
537
356
552
176
612
272
663
284
568
358
662
777
745
398
513
374
456
226
167
624
483
84
544
813
319
444
367
557
333
312
439
685
192
247
54
329
459
728
800
108
458
803
697
161
738
648
673
475
256
158
609
621
405
844
681
739
117
657
376
160
299
197
837
494
820
4
793
390
170
569
56
24
225
88
44
416
121
364
700
79
775
826
721
695
438
212
138
751
293
447
334
791
843
474
186
248
270
510
50
152
90
63
174
582
139
372
251
694
640
65
551
13
97
782
633
788
428
796
219
203
48
238
122
682
228
680
790
521
81
811
805
80
183
162
341
209
38
516
246
290
607
518
491
789
773
14
302
28
303
411
266
614
756
269
276
346
